# Frequency (Hz)
9.000000e+08
9.009637e+08
9.019274e+08
9.028911e+08
9.038548e+08
9.048185e+08
9.057822e+08
9.067459e+08
9.077096e+08
9.086733e+08
9.096370e+08
9.106008e+08
9.115645e+08
9.125282e+08
9.134919e+08
9.144556e+08
9.154193e+08
9.163830e+08
9.173467e+08
9.183104e+08
9.192741e+08
9.202378e+08
9.212015e+08
9.221652e+08
9.231289e+08
9.240926e+08
9.250563e+08
9.260200e+08
9.269837e+08
9.279474e+08
9.289111e+08
9.298748e+08
9.308385e+08
9.318023e+08
9.327660e+08
9.337297e+08
9.346934e+08
9.356571e+08
9.366208e+08
9.375845e+08
9.385482e+08
9.395119e+08
9.404756e+08
9.414393e+08
9.424030e+08
9.433667e+08
9.443304e+08
9.452941e+08
9.462578e+08
9.472215e+08
9.481852e+08
9.491489e+08
9.501126e+08
9.510763e+08
9.520401e+08
9.530038e+08
9.539675e+08
9.549312e+08
9.558949e+08
9.568586e+08
9.578223e+08
9.587860e+08
9.597497e+08
9.607134e+08
9.616771e+08
9.626408e+08
9.636045e+08
9.645682e+08
9.655319e+08
9.664956e+08
9.674593e+08
9.684230e+08
9.693867e+08
9.703504e+08
9.713141e+08
9.722778e+08
9.732416e+08
9.742053e+08
9.751690e+08
9.761327e+08
9.770964e+08
9.780601e+08
9.790238e+08
9.799875e+08
9.809512e+08
9.819149e+08
9.828786e+08
9.838423e+08
9.848060e+08
9.857697e+08
9.867334e+08
9.876971e+08
9.886608e+08
9.896245e+08
9.905882e+08
9.915519e+08
9.925156e+08
9.934793e+08
9.944431e+08
9.954068e+08
9.963705e+08
9.973342e+08
9.982979e+08
9.992616e+08
1.000225e+09
1.001189e+09
1.002153e+09
1.003116e+09
1.004080e+09
1.005044e+09
1.006008e+09
1.006971e+09
1.007935e+09
1.008899e+09
1.009862e+09
1.010826e+09
1.011790e+09
1.012753e+09
1.013717e+09
1.014681e+09
1.015645e+09
1.016608e+09
1.017572e+09
1.018536e+09
1.019499e+09
1.020463e+09
1.021427e+09
1.022390e+09
1.023354e+09
1.024318e+09
1.025282e+09
1.026245e+09
1.027209e+09
1.028173e+09
1.029136e+09
1.030100e+09
1.031064e+09
1.032028e+09
1.032991e+09
1.033955e+09
1.034919e+09
1.035882e+09
1.036846e+09
1.037810e+09
1.038773e+09
1.039737e+09
1.040701e+09
1.041665e+09
1.042628e+09
1.043592e+09
1.044556e+09
1.045519e+09
1.046483e+09
1.047447e+09
1.048411e+09
1.049374e+09
1.050338e+09
1.051302e+09
1.052265e+09
1.053229e+09
1.054193e+09
1.055156e+09
1.056120e+09
1.057084e+09
1.058048e+09
1.059011e+09
1.059975e+09
1.060939e+09
1.061902e+09
1.062866e+09
1.063830e+09
1.064793e+09
1.065757e+09
1.066721e+09
1.067685e+09
1.068648e+09
1.069612e+09
1.070576e+09
1.071539e+09
1.072503e+09
1.073467e+09
1.074431e+09
1.075394e+09
1.076358e+09
1.077322e+09
1.078285e+09
1.079249e+09
1.080213e+09
1.081176e+09
1.082140e+09
1.083104e+09
1.084068e+09
1.085031e+09
1.085995e+09
1.086959e+09
1.087922e+09
1.088886e+09
1.089850e+09
1.090814e+09
1.091777e+09
1.092741e+09
1.093705e+09
1.094668e+09
1.095632e+09
1.096596e+09
1.097559e+09
1.098523e+09
1.099487e+09
1.100451e+09
1.101414e+09
1.102378e+09
1.103342e+09
1.104305e+09
1.105269e+09
1.106233e+09
1.107196e+09
1.108160e+09
1.109124e+09
1.110088e+09
1.111051e+09
1.112015e+09
1.112979e+09
1.113942e+09
1.114906e+09
1.115870e+09
1.116834e+09
1.117797e+09
1.118761e+09
1.119725e+09
1.120688e+09
1.121652e+09
1.122616e+09
1.123579e+09
1.124543e+09
1.125507e+09
1.126471e+09
1.127434e+09
1.128398e+09
1.129362e+09
1.130325e+09
1.131289e+09
1.132253e+09
1.133217e+09
1.134180e+09
1.135144e+09
1.136108e+09
1.137071e+09
1.138035e+09
1.138999e+09
1.139962e+09
1.140926e+09
1.141890e+09
1.142854e+09
1.143817e+09
1.144781e+09
1.145745e+09
1.146708e+09
1.147672e+09
1.148636e+09
1.149599e+09
1.150563e+09
1.151527e+09
1.152491e+09
1.153454e+09
1.154418e+09
1.155382e+09
1.156345e+09
1.157309e+09
1.158273e+09
1.159237e+09
1.160200e+09
1.161164e+09
1.162128e+09
1.163091e+09
1.164055e+09
1.165019e+09
1.165982e+09
1.166946e+09
1.167910e+09
1.168874e+09
1.169837e+09
1.170801e+09
1.171765e+09
1.172728e+09
1.173692e+09
1.174656e+09
1.175620e+09
1.176583e+09
1.177547e+09
1.178511e+09
1.179474e+09
1.180438e+09
1.181402e+09
1.182365e+09
1.183329e+09
1.184293e+09
1.185257e+09
1.186220e+09
1.187184e+09
1.188148e+09
1.189111e+09
1.190075e+09
1.191039e+09
1.192003e+09
1.192966e+09
1.193930e+09
1.194894e+09
1.195857e+09
1.196821e+09
1.197785e+09
1.198748e+09
1.199712e+09
1.200676e+09
1.201640e+09
1.202603e+09
1.203567e+09
1.204531e+09
1.205494e+09
1.206458e+09
1.207422e+09
1.208385e+09
1.209349e+09
1.210313e+09
1.211277e+09
1.212240e+09
1.213204e+09
1.214168e+09
1.215131e+09
1.216095e+09
1.217059e+09
1.218023e+09
1.218986e+09
1.219950e+09
1.220914e+09
1.221877e+09
1.222841e+09
1.223805e+09
1.224768e+09
1.225732e+09
1.226696e+09
1.227660e+09
1.228623e+09
1.229587e+09
1.230551e+09
1.231514e+09
1.232478e+09
1.233442e+09
1.234406e+09
1.235369e+09
1.236333e+09
1.237297e+09
1.238260e+09
1.239224e+09
1.240188e+09
1.241151e+09
1.242115e+09
1.243079e+09
1.244043e+09
1.245006e+09
1.245970e+09
1.246934e+09
1.247897e+09
1.248861e+09
1.249825e+09
1.250788e+09
1.251752e+09
1.252716e+09
1.253680e+09
1.254643e+09
1.255607e+09
1.256571e+09
1.257534e+09
1.258498e+09
1.259462e+09
1.260426e+09
1.261389e+09
1.262353e+09
1.263317e+09
1.264280e+09
1.265244e+09
1.266208e+09
1.267171e+09
1.268135e+09
1.269099e+09
1.270063e+09
1.271026e+09
1.271990e+09
1.272954e+09
1.273917e+09
1.274881e+09
1.275845e+09
1.276809e+09
1.277772e+09
1.278736e+09
1.279700e+09
1.280663e+09
1.281627e+09
1.282591e+09
1.283554e+09
1.284518e+09
1.285482e+09
1.286446e+09
1.287409e+09
1.288373e+09
1.289337e+09
1.290300e+09
1.291264e+09
1.292228e+09
1.293191e+09
1.294155e+09
1.295119e+09
1.296083e+09
1.297046e+09
1.298010e+09
1.298974e+09
1.299937e+09
1.300901e+09
1.301865e+09
1.302829e+09
1.303792e+09
1.304756e+09
1.305720e+09
1.306683e+09
1.307647e+09
1.308611e+09
1.309574e+09
1.310538e+09
1.311502e+09
1.312466e+09
1.313429e+09
1.314393e+09
1.315357e+09
1.316320e+09
1.317284e+09
1.318248e+09
1.319212e+09
1.320175e+09
1.321139e+09
1.322103e+09
1.323066e+09
1.324030e+09
1.324994e+09
1.325957e+09
1.326921e+09
1.327885e+09
1.328849e+09
1.329812e+09
1.330776e+09
1.331740e+09
1.332703e+09
1.333667e+09
1.334631e+09
1.335594e+09
1.336558e+09
1.337522e+09
1.338486e+09
1.339449e+09
1.340413e+09
1.341377e+09
1.342340e+09
1.343304e+09
1.344268e+09
1.345232e+09
1.346195e+09
1.347159e+09
1.348123e+09
1.349086e+09
1.350050e+09
1.351014e+09
1.351977e+09
1.352941e+09
1.353905e+09
1.354869e+09
1.355832e+09
1.356796e+09
1.357760e+09
1.358723e+09
1.359687e+09
1.360651e+09
1.361615e+09
1.362578e+09
1.363542e+09
1.364506e+09
1.365469e+09
1.366433e+09
1.367397e+09
1.368360e+09
1.369324e+09
1.370288e+09
1.371252e+09
1.372215e+09
1.373179e+09
1.374143e+09
1.375106e+09
1.376070e+09
1.377034e+09
1.377997e+09
1.378961e+09
1.379925e+09
1.380889e+09
1.381852e+09
1.382816e+09
1.383780e+09
1.384743e+09
1.385707e+09
1.386671e+09
1.387635e+09
1.388598e+09
1.389562e+09
1.390526e+09
1.391489e+09
1.392453e+09
1.393417e+09
1.394380e+09
1.395344e+09
1.396308e+09
1.397272e+09
1.398235e+09
1.399199e+09
1.400163e+09
1.401126e+09
1.402090e+09
1.403054e+09
1.404018e+09
1.404981e+09
1.405945e+09
1.406909e+09
1.407872e+09
1.408836e+09
1.409800e+09
1.410763e+09
1.411727e+09
1.412691e+09
1.413655e+09
1.414618e+09
1.415582e+09
1.416546e+09
1.417509e+09
1.418473e+09
1.419437e+09
1.420401e+09
1.421364e+09
1.422328e+09
1.423292e+09
1.424255e+09
1.425219e+09
1.426183e+09
1.427146e+09
1.428110e+09
1.429074e+09
1.430038e+09
1.431001e+09
1.431965e+09
1.432929e+09
1.433892e+09
1.434856e+09
1.435820e+09
1.436783e+09
1.437747e+09
1.438711e+09
1.439675e+09
1.440638e+09
1.441602e+09
1.442566e+09
1.443529e+09
1.444493e+09
1.445457e+09
1.446421e+09
1.447384e+09
1.448348e+09
1.449312e+09
1.450275e+09
1.451239e+09
1.452203e+09
1.453166e+09
1.454130e+09
1.455094e+09
1.456058e+09
1.457021e+09
1.457985e+09
1.458949e+09
1.459912e+09
1.460876e+09
1.461840e+09
1.462804e+09
1.463767e+09
1.464731e+09
1.465695e+09
1.466658e+09
1.467622e+09
1.468586e+09
1.469549e+09
1.470513e+09
1.471477e+09
1.472441e+09
1.473404e+09
1.474368e+09
1.475332e+09
1.476295e+09
1.477259e+09
1.478223e+09
1.479186e+09
1.480150e+09
1.481114e+09
1.482078e+09
1.483041e+09
1.484005e+09
1.484969e+09
1.485932e+09
1.486896e+09
1.487860e+09
1.488824e+09
1.489787e+09
1.490751e+09
1.491715e+09
1.492678e+09
1.493642e+09
1.494606e+09
1.495569e+09
1.496533e+09
1.497497e+09
1.498461e+09
1.499424e+09
1.500388e+09
1.501352e+09
1.502315e+09
1.503279e+09
1.504243e+09
1.505207e+09
1.506170e+09
1.507134e+09
1.508098e+09
1.509061e+09
1.510025e+09
1.510989e+09
1.511952e+09
1.512916e+09
1.513880e+09
1.514844e+09
1.515807e+09
1.516771e+09
1.517735e+09
1.518698e+09
1.519662e+09
1.520626e+09
1.521589e+09
1.522553e+09
1.523517e+09
1.524481e+09
1.525444e+09
1.526408e+09
1.527372e+09
1.528335e+09
1.529299e+09
1.530263e+09
1.531227e+09
1.532190e+09
1.533154e+09
1.534118e+09
1.535081e+09
1.536045e+09
1.537009e+09
1.537972e+09
1.538936e+09
1.539900e+09
1.540864e+09
1.541827e+09
1.542791e+09
1.543755e+09
1.544718e+09
1.545682e+09
1.546646e+09
1.547610e+09
1.548573e+09
1.549537e+09
1.550501e+09
1.551464e+09
1.552428e+09
1.553392e+09
1.554355e+09
1.555319e+09
1.556283e+09
1.557247e+09
1.558210e+09
1.559174e+09
1.560138e+09
1.561101e+09
1.562065e+09
1.563029e+09
1.563992e+09
1.564956e+09
1.565920e+09
1.566884e+09
1.567847e+09
1.568811e+09
1.569775e+09
1.570738e+09
1.571702e+09
1.572666e+09
1.573630e+09
1.574593e+09
1.575557e+09
1.576521e+09
1.577484e+09
1.578448e+09
1.579412e+09
1.580375e+09
1.581339e+09
1.582303e+09
1.583267e+09
1.584230e+09
1.585194e+09
1.586158e+09
1.587121e+09
1.588085e+09
1.589049e+09
1.590013e+09
1.590976e+09
1.591940e+09
1.592904e+09
1.593867e+09
1.594831e+09
1.595795e+09
1.596758e+09
1.597722e+09
1.598686e+09
1.599650e+09
1.600613e+09
1.601577e+09
1.602541e+09
1.603504e+09
1.604468e+09
1.605432e+09
1.606395e+09
1.607359e+09
1.608323e+09
1.609287e+09
1.610250e+09
1.611214e+09
1.612178e+09
1.613141e+09
1.614105e+09
1.615069e+09
1.616033e+09
1.616996e+09
1.617960e+09
1.618924e+09
1.619887e+09
1.620851e+09
1.621815e+09
1.622778e+09
1.623742e+09
1.624706e+09
1.625670e+09
1.626633e+09
1.627597e+09
1.628561e+09
1.629524e+09
1.630488e+09
1.631452e+09
1.632416e+09
1.633379e+09
1.634343e+09
1.635307e+09
1.636270e+09
1.637234e+09
1.638198e+09
1.639161e+09
1.640125e+09
1.641089e+09
1.642053e+09
1.643016e+09
1.643980e+09
1.644944e+09
1.645907e+09
1.646871e+09
1.647835e+09
1.648798e+09
1.649762e+09
1.650726e+09
1.651690e+09
1.652653e+09
1.653617e+09
1.654581e+09
1.655544e+09
1.656508e+09
1.657472e+09
1.658436e+09
1.659399e+09
1.660363e+09
1.661327e+09
1.662290e+09
1.663254e+09
1.664218e+09
1.665181e+09
1.666145e+09
1.667109e+09
1.668073e+09
1.669036e+09
1.670000e+09
